
### trainer/lr
step | ABL_bf16 | ABL_nvfp4 | LONG_bf16 | LONG_nvfp4
   0 | - | - | - | -
   1 | 5e-07 | 5e-07 | 5e-07 | 5e-07
   2 | 1e-06 | 1e-06 | 1e-06 | 1e-06
   3 | 1e-06 | 1e-06 | 1e-06 | 1e-06
   4 | 8.75e-07 | 8.75e-07 | 1e-06 | 1e-06
   5 | 7.5e-07 | 7.5e-07 | 1e-06 | 1e-06
   6 | 6.25e-07 | 6.25e-07 | 1e-06 | 1e-06
   7 | 5e-07 | 5e-07 | 1e-06 | 1e-06
   8 | 3.75e-07 | 3.75e-07 | 1e-06 | 1e-06
   9 | 2.5e-07 | 2.5e-07 | 1e-06 | 1e-06
  10 | 1.25e-07 | 1.25e-07 | 1e-06 | 1e-06

### rollout_reward/_mean
step | ABL_bf16 | ABL_nvfp4 | LONG_bf16 | LONG_nvfp4
   0 | - | - | - | -
   1 | 0.09375 | 0.03125 | 0.078125 | 0.03125
   2 | 0.046875 | 0.03125 | 0.046875 | 0.015625
   3 | 0.015625 | 0 | 0.015625 | 0
   4 | 0.1875 | 0.078125 | 0.09375 | 0.078125
   5 | 0.125 | 0.078125 | 0.10938 | 0.046875
   6 | 0.125 | 0.15625 | 0.17188 | 0.15625
   7 | 0.0625 | 0.015625 | 0 | 0.046875
   8 | 0.125 | 0.0625 | 0.10938 | 0.125
   9 | 0.03125 | 0.03125 | 0.046875 | 0.046875
  10 | 0.17188 | 0.15625 | 0.14062 | 0.125

### rollout_reward/group_zero_std_frac/mean
step | ABL_bf16 | ABL_nvfp4 | LONG_bf16 | LONG_nvfp4
   0 | - | - | - | -
   1 | 0.75 | 0.875 | 0.75 | 0.875
   2 | 0.875 | 0.875 | 0.75 | 0.875
   3 | 0.875 | 1 | 0.875 | 1
   4 | 0.375 | 0.5 | 0.625 | 0.625
   5 | 0.625 | 0.75 | 0.625 | 0.875
   6 | 0.5 | 0.5 | 0.375 | 0.5
   7 | 0.625 | 0.875 | 1 | 0.75
   8 | 0.625 | 0.625 | 0.5 | 0.625
   9 | 0.75 | 0.75 | 0.75 | 0.75
  10 | 0.625 | 0.625 | 0.75 | 0.625

### loss/ratio_clipped_frac
step | ABL_bf16 | ABL_nvfp4 | LONG_bf16 | LONG_nvfp4
   0 | - | - | - | -
   1 | 0.0029427 | 0.018133 | 0.003567 | 0.017933
   2 | 0.003585 | 0.022289 | 0.0039915 | 0.022883
   3 | 0.0039239 | 0.025004 | 0.0037355 | 0.024839
   4 | 0.002537 | 0.017772 | 0.0028292 | 0.017478
   5 | 0.0033389 | 0.02137 | 0.0034504 | 0.021603
   6 | 0.0027773 | 0.016194 | 0.0025862 | 0.018392
   7 | 0.0034856 | 0.020409 | 0.0035128 | 0.021521
   8 | 0.0036469 | 0.022648 | 0.0040853 | 0.023132
   9 | 0.0026499 | 0.016195 | 0.0028971 | 0.016665
  10 | 0.0029054 | 0.019358 | 0.0030903 | 0.01935

### bit_wise/logprob_diff/mean
step | ABL_bf16 | ABL_nvfp4 | LONG_bf16 | LONG_nvfp4
   0 | - | - | - | -
   1 | -0.00060388 | -0.002725 | -0.00074316 | -0.0022555
   2 | -0.00089081 | -0.003012 | -0.0007122 | -0.0030385
   3 | -0.00098315 | -0.0033554 | -0.00077161 | -0.0030996
   4 | -0.00050641 | -0.0026709 | -0.00056809 | -0.0021063
   5 | -0.0007255 | -0.002775 | -0.00091616 | -0.0029365
   6 | -0.00079757 | -0.002632 | -0.00047025 | -0.0027468
   7 | -0.0006706 | -0.0029019 | -0.0006107 | -0.0026904
   8 | -0.00071038 | -0.0035353 | -0.0011688 | -0.0032033
   9 | -0.00061475 | -0.0015705 | -0.00068758 | -0.0020149
  10 | -0.00046011 | -0.0028312 | -0.00060354 | -0.0031051

### bit_wise/logprob_diff/max
step | ABL_bf16 | ABL_nvfp4 | LONG_bf16 | LONG_nvfp4
   0 | - | - | - | -
   1 | 0.57276 | 6.046 | 1.7786 | 2.2713
   2 | 0.74656 | 2.5574 | 0.95883 | 3.9201
   3 | 0.60756 | 2.1608 | 0.52678 | 3.7064
   4 | 1.694 | 1.8283 | 0.75918 | 1.2171
   5 | 1.25 | 4.4491 | 0.72733 | 1.9633
   6 | 3.75 | 6.2495 | 1.0843 | 3.7662
   7 | 0.98131 | 3.6945 | 1.3761 | 6.3637
   8 | 1.6679 | 2.6332 | 1.2844 | 2.6419
   9 | 0.62012 | 2.5507 | 1.0358 | 1.7418
  10 | 0.70213 | 3.1268 | 0.75846 | 1.8889

### trainer/grad_norm/mean
step | ABL_bf16 | ABL_nvfp4 | LONG_bf16 | LONG_nvfp4
   0 | - | - | - | -
   1 | 0.090332 | 0.07373 | 0.10889 | 0.067383
   2 | 0.062988 | 0.060059 | 0.097656 | 0.044922
   3 | 0.077637 | 0 | 0.056152 | 0
   4 | 0.15234 | 0.12988 | 0.10254 | 0.104
   5 | 0.15723 | 0.1416 | 0.15723 | 0.069824
   6 | 0.14746 | 0.13867 | 0.16504 | 0.12451
   7 | 0.13379 | 0.10791 | 0 | 0.15137
   8 | 0.17969 | 0.15137 | 0.21289 | 0.15625
   9 | 0.095703 | 0.076172 | 0.077637 | 0.086914
  10 | 0.12988 | 0.11523 | 0.10693 | 0.11475

### trainer/entropy/mean
step | ABL_bf16 | ABL_nvfp4 | LONG_bf16 | LONG_nvfp4
   0 | - | - | - | -
   1 | 0.22451 | 0.20424 | 0.21169 | 0.21489
   2 | 0.35153 | 0.33529 | 0.33987 | 0.35094
   3 | 0.36778 | 0.34954 | 0.40551 | 0.36534
   4 | 0.2572 | 0.25905 | 0.2484 | 0.25085
   5 | 0.30202 | 0.28657 | 0.31226 | 0.32408
   6 | 0.20122 | 0.19119 | 0.19267 | 0.20664
   7 | 0.24637 | 0.24838 | 0.25403 | 0.25109
   8 | 0.31236 | 0.29169 | 0.30668 | 0.29794
   9 | 0.2018 | 0.20579 | 0.21236 | 0.22691
  10 | 0.30329 | 0.27127 | 0.29603 | 0.27109

### rollout/response_length/mean
step | ABL_bf16 | ABL_nvfp4 | LONG_bf16 | LONG_nvfp4
   0 | - | - | - | -
   1 | 1168.1 | 1155.5 | 1108.2 | 1155.4
   2 | 1691.1 | 1741.3 | 1738.1 | 1745.9
   3 | 1274.2 | 1321 | 1292.5 | 1312.2
   4 | 1662.9 | 1762.8 | 1662.4 | 1694.1
   5 | 1366.5 | 1395.1 | 1385.7 | 1372.8
   6 | 1530.3 | 1475.3 | 1540.7 | 1494.4
   7 | 1564.5 | 1522 | 1539 | 1547.9
   8 | 1229.6 | 1227.3 | 1216.3 | 1234.8
   9 | 1356.2 | 1381.6 | 1348.3 | 1372.6
  10 | 1586.5 | 1578.8 | 1577.5 | 1584.3

### rollout/truncation_rate/mean
step | ABL_bf16 | ABL_nvfp4 | LONG_bf16 | LONG_nvfp4
   0 | - | - | - | -
   1 | 0.09375 | 0.0625 | 0.046875 | 0.078125
   2 | 0.54688 | 0.53125 | 0.54688 | 0.64062
   3 | 0.375 | 0.375 | 0.35938 | 0.35938
   4 | 0.34375 | 0.42188 | 0.375 | 0.4375
   5 | 0.34375 | 0.40625 | 0.35938 | 0.34375
   6 | 0.34375 | 0.28125 | 0.26562 | 0.32812
   7 | 0.375 | 0.3125 | 0.375 | 0.40625
   8 | 0.25 | 0.21875 | 0.23438 | 0.26562
   9 | 0.375 | 0.375 | 0.35938 | 0.39062
  10 | 0.4375 | 0.46875 | 0.45312 | 0.48438

### loss/mean
step | ABL_bf16 | ABL_nvfp4 | LONG_bf16 | LONG_nvfp4
   0 | - | - | - | -
   1 | 0.00015639 | -0.00077368 | -0.00070245 | 0.0022828
   2 | 0.01423 | 0.0079195 | 0.019001 | 0.018765
   3 | -0.011419 | 0 | 0.0037236 | 0
   4 | 0.039762 | -0.018592 | 0.0051424 | 0.0015968
   5 | 0.0012849 | 0.0083715 | 0.0013214 | -0.002401
   6 | 0.02542 | -0.00025685 | 0.0056062 | 0.040888
   7 | 0.0057149 | 0.018059 | 0 | 0.006866
   8 | 0.00030626 | -0.0030616 | 0.0089936 | 0.037478
   9 | 0.010522 | -0.0072922 | 0.0025874 | -0.013117
  10 | 0.025453 | 0.022141 | 0.016448 | 0.059169

### train_batch/num_training_samples
step | ABL_bf16 | ABL_nvfp4 | LONG_bf16 | LONG_nvfp4
   0 | - | - | - | -
   1 | 64 | 64 | 64 | 64
   2 | 64 | 64 | 64 | 64
   3 | 64 | 64 | 64 | 64
   4 | 64 | 64 | 64 | 64
   5 | 64 | 64 | 64 | 64
   6 | 64 | 64 | 64 | 64
   7 | 64 | 64 | 64 | 64
   8 | 64 | 64 | 64 | 64
   9 | 64 | 64 | 64 | 64
  10 | 64 | 64 | 64 | 64

### trainer/policy_version
step | ABL_bf16 | ABL_nvfp4 | LONG_bf16 | LONG_nvfp4
   0 | - | - | - | -
   1 | 1 | 1 | 1 | 1
   2 | 2 | 2 | 2 | 2
   3 | 3 | 3 | 3 | 3
   4 | 4 | 4 | 4 | 4
   5 | 5 | 5 | 5 | 5
   6 | 6 | 6 | 6 | 6
   7 | 7 | 7 | 7 | 7
   8 | 8 | 8 | 8 | 8
   9 | 9 | 9 | 9 | 9
  10 | 10 | 10 | 10 | 10

### validation_reward/_mean
step | ABL_bf16 | ABL_nvfp4 | LONG_bf16 | LONG_nvfp4
   0 | 0.0625 | 0 | - | -
   1 | - | - | - | -
   2 | - | - | - | -
   3 | - | - | - | -
   4 | - | - | - | -
   5 | - | - | - | -
   6 | - | - | - | -
   7 | - | - | - | -
   8 | - | - | - | -
   9 | - | - | - | -
  10 | 0 | 0 | - | -

### rollout/prompt_length/mean
step | ABL_bf16 | ABL_nvfp4 | LONG_bf16 | LONG_nvfp4
   0 | - | - | - | -
   1 | 166.12 | 166.12 | 166.12 | 166.12
   2 | 171.62 | 171.62 | 171.62 | 171.62
   3 | 139.38 | 139.38 | 139.38 | 139.38
   4 | 137.25 | 137.25 | 137.25 | 137.25
   5 | 144.5 | 144.5 | 144.5 | 144.5
   6 | 163.75 | 163.75 | 163.75 | 163.75
   7 | 159.12 | 159.12 | 159.12 | 159.12
   8 | 161.25 | 161.25 | 161.25 | 161.25
   9 | 143.12 | 143.12 | 143.12 | 143.12
  10 | 151.38 | 151.38 | 151.38 | 151.38

### means over steps 1-10
trainer/lr                                    6e-07 | 6e-07 | 9.5e-07 | 9.5e-07
rollout_reward/_mean                          0.098437 | 0.064062 | 0.08125 | 0.067187
rollout_reward/group_zero_std_frac/mean       0.6625 | 0.7375 | 0.7 | 0.75
loss/ratio_clipped_frac                       0.0031793 | 0.019937 | 0.0033745 | 0.02038
bit_wise/logprob_diff/mean                    -0.00069632 | -0.0028009 | -0.00072521 | -0.0027197
bit_wise/logprob_diff/max                     1.2592 | 3.5296 | 1.029 | 2.9481
trainer/grad_norm/mean                        0.12271 | 0.099463 | 0.1085 | 0.091992
trainer/entropy/mean                          0.27681 | 0.2643 | 0.27795 | 0.27598
rollout/response_length/mean                  1443 | 1456.1 | 1440.9 | 1451.4
rollout/truncation_rate/mean                  0.34844 | 0.34531 | 0.3375 | 0.37344
loss/mean                                     0.011143 | 0.0026514 | 0.0062121 | 0.015153
train_batch/num_training_samples              64 | 64 | 64 | 64
trainer/policy_version                        5.5 | 5.5 | 5.5 | 5.5
validation_reward/_mean                       0 | 0 | - | -
rollout/prompt_length/mean                    153.75 | 153.75 | 153.75 | 153.75

### long-run reward block means
1-10: BF16 0.0813 NVFP4 0.0672
11-20: BF16 0.1016 NVFP4 0.0516
21-30: BF16 0.1562 NVFP4 0.1047
31-40: BF16 0.1125 NVFP4 0.0813
41-50: BF16 0.1219 NVFP4 0.0766
1-30: BF16 0.1130 NVFP4 0.0745
31-60: BF16 0.1234 NVFP4 0.0844
61-100: BF16 0.1270 NVFP4 0.0742
1-100: BF16 0.1217 NVFP4 0.0773

### per-step reward diff (bf16-nvfp4) ablation vs long, steps 1-10
ablation diffs: ['+0.0625', '+0.0156', '+0.0156', '+0.1094', '+0.0469', '-0.0312', '+0.0469', '+0.0625', '+0.0000', '+0.0156'] mean +0.0344 sd 0.0395
long diffs    : ['+0.0469', '+0.0312', '+0.0156', '+0.0156', '+0.0625', '+0.0156', '-0.0469', '-0.0156', '+0.0000', '+0.0156'] mean +0.0141 sd 0.0308

### same arm: ablation vs long, reward per step
arm_bf16 minus long: ['+0.0156', '+0.0000', '+0.0000', '+0.0938', '+0.0156', '-0.0469', '+0.0625', '+0.0156', '-0.0156', '+0.0312'] mean +0.0172
  identical steps: 2
arm_nvfp4_deq minus long: ['+0.0000', '+0.0156', '+0.0000', '+0.0000', '+0.0312', '+0.0000', '-0.0312', '-0.0625', '-0.0156', '+0.0312'] mean -0.0031
  identical steps: 4
